fish	common	female	male	femaleN	maleN	avg	malecm	femcm	resid_avg
Anoplopoma_fimbria	Sablefish	1610	860.4	297	312	1235.2	-0.245480348	-0.033819665	-0.139650007
Carassius_auratus	Goldfish	3500.42	3346.33	4410	4625	3423.375	0.277838998	0.232361193	0.255100096
Channa_argus_argus	Northern snakehead	2443.8	2695.5	1370	1410	2569.65	0.233516592	0.12886804	0.181192316
Chrysophrys_auratus	Squirefish	1359	1401.5	10716	10716	1380.25	-0.194119992	-0.287569715	-0.240844854
Chrysophrys_major	Red seabream	769.3	626	148	197	697.65	-0.381831982	-0.351973611	-0.366902797
Clupea_harengus	Atlantic herring	1430	1614.8	620	620	1522.4	0.023185592	-0.090894146	-0.033854277
Coregonus_artedi	Cisco	2456.51	2357.97	20292	6340	2407.24	0.099346283	-0.196038867	-0.048346292
Coregonus_lavaretus	Common whitefish	2460.1	2263.05	1221	1054	2361.575	0.163064438	0.134331338	0.148697888
Ctenopharyngodon_idella	Grass carp	5680.51	6301.59	3742	3875	5991.05	0.564292775	0.454178029	0.509235402
Cynoglossus_semilaevis	Tongue sole	1447.3	1497.5	828	794	1472.4	-0.012251115	-0.089267924	-0.05075952
Cyprinus_carpio	Common carp	7586.51	8094.31	14785	13910	7840.41	0.518183742	0.388900196	0.453541969
Danio_rerio	Zebrafish	2582.7	942.5	274	141	1762.6	-0.203260884	0.17182609	-0.015717397
Dicentrarchus_labrax	European seabass	1380	1046.9	368	368	1213.45	-0.161139623	-0.101994038	-0.131566831
Epinephelus_aeneus	White grouper	1053	886	203	202	969.5	-0.231049742	-0.216591918	-0.22382083
Epinephelus_bruneus	Longtooth grouper	1249.8	1140.3	509	512	1195.05	-0.126247599	-0.147470483	-0.136859041
Epinephelus_coioides	Orange-spotted grouper	1370.9	1335.5	2516	2939	1353.2	-0.09507112	-0.142006087	-0.118538604
Gasterosteus_aculeatus	Three-spined stickleback	1190	1190	1872	1872	1190	-0.128704382	-0.192330197	-0.16051729
Hippoglossus_hippoglossus	Atlantic halibut	1459.6	1562.2	364	417	1510.9	0.011935748	-0.077570111	-0.032817182
Hucho_taimen	Taimen	4309.87	4218.73	30535	30535	4264.3	-0.021335911	-0.128993839	-0.075164875
Hypophthalmichthys_molitrix	Silver carp	1587.5	1063.5	370	415	1325.5	-0.155032532	-0.041193971	-0.098113252
Hypophthalmichthys_nobilis	Bighead carp	2169.74	1653.53	1915	1836	1911.635	0.01471621	0.067787071	0.041251641
Ictalurus_punctatus	Channel catfish	4495.1	2593.7	18444	15148	3544.4	0.004821474	0.098333718	0.051577596
Labeo_rohita	Rohu	1384	1393.5	3008	3071	1388.75	-0.078644782	-0.146382412	-0.112513597
Larimichthys_crocea	Large yellow croaker	2959.1	2205.7	188	161	2582.4	0.165695603	0.232398702	0.199047153
Lateolabrax_japonicus	Japanese sea bass	1929.9	1433.61	3903	3213	1681.755	-0.068511774	-0.01745817	-0.042984972
Lates_calcarifer	Barramundi perch	2016.92	1955.9	4771	5204	1986.41	0.035682984	-0.013311951	0.011185517
Lepomis_macrochirus	Bluegill	1628.2	1525.3	176	177	1576.75	0.005257553	-0.026845711	-0.010794079
Lutjanus_campechanus	Northern red snapper	1449.83	1332.42	7420	7420	1391.125	-0.165215107	-0.202484528	-0.183849818
Megalobrama_amblycephala	Wuchang bream	2390.06	2109.82	9531	9847	2249.94	-0.003059134	-0.021891818	-0.012475476
Menidia_menidia	Atlantic silverside	3482.417	1511.235	18234	19662	2496.826	-0.264144816	-0.007296497	-0.135720657
Misgurnus_anguillicaudatus	Oriental weatherfish	784.5	662.2	153	119	723.35	-0.356213609	-0.343562845	-0.349888227
Morone_saxatilis	Striped sea-bass	1581	1834.1	287	287	1707.55	0.083628008	-0.041540772	0.021043618
Nibea_albiflora	White flower croaker	2660.82	2830.52	4361	4209	2745.67	0.211555283	0.114103738	0.162829511
Notothenia_coriiceps	Black rockcod	1136	1100.9	4626	4800	1118.45	-0.207682125	-0.260115254	-0.23389869
Oncorhynchus_kisutch	Coho salmon	6596.73	4141.76	2043	2043	5369.245	0.410295079	0.548494975	0.479395027
Oncorhynchus_mykiss	Rainbow trout	4317.6	2564.1	1125	1125	3440.85	0.216209726	0.380280814	0.29824527
Oncorhynchus_nerka	Sockeye salmon	4082	2291	6322	2179	3186.5	0.151036776	0.266055718	0.208546247
Oncorhynchus_tshawytscha	Chinook salmon	3119.77	870.11	14620	1975	1994.94	-0.26626646	0.005833575	-0.130216443
Oreochromis_mossambicus	Mozambique tilapia	1051.3	1104.3	299	351	1077.8	-0.137695442	-0.218953456	-0.178324449
Paralichthys_lethostigma	Southern flounder	1357.69	1502.68	1195	1265.5	1430.185	-0.018026623	-0.123371266	-0.070698945
Paralichthys_olivaceus	Japanese flounder	1663.8	1726.5	1257	1224	1695.15	0.042913793	-0.03614274	0.003385527
Paramisgurnus_dabryanus	Large-scale loach	4669.31	4530.2	8693	9084	4599.755	0.340585826	0.283441036	0.312013431
Pelteobagrus_ussuriensis	Ussuri catfish	2566.29	2084.52	3914	4411	2325.405	0.075578289	0.106122566	0.090850428
Poecilia_reticulata	Guppy	1267.7	1771.2	135	172	1519.45	0.070247035	-0.134828084	-0.032290525
Polyprion_oxygeneios	Hapuku wreckfish	1168	1132	819	878	1150	-0.135067628	-0.182228034	-0.158647831
Pungitius_pungitius	Ninespine stickleback	2335.72	1584.26	20054	20054	1959.99	-0.284970742	-0.213821624	-0.249396183
Salmo_salar	Atlantic salmon	2402.3	1746.2	5918	5918	2074.25	-0.024586605	0.042795085	0.00910424
Salvelinus_alpinus_alpinus	Arctic char	4302.7	2808.5	1709	1538	3555.6	0.249376661	0.368682165	0.309029413
Salvelinus_fontinalis	Brook trout	2502.5	1863.8	1990	1990	2183.15	0.06432724	0.128456718	0.096391979
Salvelinus_namaycush	Lake trout	2842.22	2043.41	15640	15640	2442.815	-0.106334248	-0.052267025	-0.079300637
Scatophagus_argus	Spotted scat	2290.56	1880.23	3512	3627	2085.395	0.042880216	0.063709053	0.053294635
Sciaenops_ocellatus	Red drum	1270.9	1122.9	226	201	1196.9	-0.128126953	-0.135306577	-0.131716765
Scleropages_formosus	Asian bonytongue	2301.8	2097.4	308	308	2199.6	0.141562233	0.121231856	0.131397045
Scophthalmus_maximus	Turbot	3228.4	2631.9	3480	3425.6	2930.15	0.192046198	0.213307996	0.202677097
Sebastes_schlegelii	Korean rockfish	1334.1	1359.6	140	156	1346.85	-0.044362535	-0.11274264	-0.078552588
Seriola_lalandi	Yellowtail amberjack	1197	1136	1197	1136	1166.5	-0.137516629	-0.178112315	-0.157814472
Seriola_quinqueradiata	Japanese amberjack	1054.5	1054	799	780	1054.25	-0.164561317	-0.226278494	-0.195419906
Siniperca_chuatsi	Mandarin fish	1576.2	2115.57	1505	2215	1845.885	0.115883612	-0.063920436	0.025981588
Sparus_aurata	Gilthead seabream	2172.1	1349.2	321	321	1760.65	-0.050243286	0.095819317	0.022788016
Takifugu_rubripes	Torafugu	2189.8	1202.8	1000	1057	1696.3	-0.111482582	0.0876041	-0.011939241
Trachinotus_blochii	Snubnose pompano	2559.12	2827.48	4562	5919	2693.3	0.184703523	0.09370362	0.139203572
Xiphophorus_maculatus	Southern platyfish	1506.8	1567.3	290	290	1537.05	0.015310841	-0.0624689	-0.02357903